76.81239318847656
100.75242614746094
72.94915771484375
67.05894470214844
117.939208984375
98.97439575195312
108.68193054199219
133.55691528320312
167.654541015625
198.11758422851562
85.38607788085938
72.23756408691406
51.990997314453125
74.92817687988281
55.5384521484375
124.92604064941406
148.51141357421875
57.3125
63.611907958984375
61.17497253417969
74.75868225097656
27.525588989257812
58.63835144042969
109.29122924804688
52.37751770019531
38.95960998535156
56.47465515136719
50.44114685058594
50.17601013183594
72.14871215820312
91.1334228515625
45.79620361328125
43.187225341796875
52.31636047363281
53.726043701171875
49.308502197265625
48.433868408203125
61.31611633300781
42.82354736328125
33.06449890136719
38.25993347167969
65.50709533691406
73.89736938476562
48.69880676269531
57.76983642578125
53.64286804199219
48.43516540527344
48.94297790527344
51.39387512207031
53.985687255859375
40.972900390625
32.64631652832031
47.57012939453125
36.213592529296875
43.87294006347656
39.984771728515625
57.52433776855469
42.165313720703125
46.317230224609375
61.851898193359375
54.96940612792969
63.41398620605469
73.82180786132812
59.16661071777344
50.99589538574219
39.93267822265625
57.452362060546875
50.14227294921875
51.64141845703125
48.41017150878906
52.60877990722656
37.9254150390625
57.89007568359375
66.85755920410156
47.06495666503906
46.10139465332031
45.13392639160156
85.84544372558594
57.32940673828125
43.96736145019531
58.4481201171875
53.37054443359375
77.96627807617188
66.71340942382812
63.87931823730469
51.19488525390625
61.9754638671875
48.775634765625
62.86181640625
41.054840087890625
53.1484375
39.46600341796875
72.39437866210938
56.09922790527344
40.65739440917969
66.33067321777344
47.45294189453125
30.655990600585938
62.59794616699219
46.460052490234375
52.664459228515625
56.93003845214844
50.306671142578125
67.11122131347656
37.75762939453125
40.29356384277344
58.863433837890625
50.14961242675781
42.96611022949219
50.92292785644531
55.87934875488281
52.77781677246094
96.998779296875
55.29124450683594
56.258514404296875
58.73377990722656
68.55882263183594
56.32679748535156
73.63790893554688
63.12103271484375
70.72357177734375
44.92750549316406
50.520843505859375
54.63615417480469
68.30209350585938
45.91156005859375
76.77145385742188
57.065643310546875
53.75592041015625
51.12413024902344
45.80279541015625
74.84719848632812
67.43997192382812
51.528656005859375
63.66902160644531
52.40655517578125
64.8138427734375
45.86528015136719
61.907958984375
65.12020874023438
44.5579833984375
105.82696533203125
47.544647216796875
49.91587829589844
34.84468078613281
68.59046936035156
37.27362060546875
50.182464599609375
34.8270263671875
40.577178955078125
51.69880676269531
49.45703125
47.24632263183594
72.57167053222656
51.411712646484375
64.00302124023438
78.34049987792969
48.02046203613281
33.62213134765625
55.421783447265625
51.64453125
66.47471618652344
60.636566162109375
48.948699951171875
57.021148681640625
44.59327697753906
55.15867614746094
55.32832336425781
50.70326232910156
46.95802307128906
49.102386474609375
49.44889831542969
38.997802734375
510.93829345703125
409.8824462890625
271.4972686767578
275.37586975097656
204.26394653320312
110.53947448730469
103.99227905273438
106.92396545410156
50.51190185546875
47.26814270019531
79.778076171875
50.35374450683594
73.74359130859375
41.84880065917969
44.97901916503906
39.42948913574219
54.80767822265625
55.235443115234375
65.68453979492188
51.29533386230469
67.74980163574219
51.94139099121094
57.17707824707031
62.06880187988281
74.25729370117188
81.48857116699219
60.09056091308594
1054.1642456054688
606.1784057617188
1562.2729187011719
858.2229309082031
585.8943939208984
307.73333740234375
407.6744384765625
286.1204071044922
380.4638214111328
160.70838928222656
405.2062683105469
341.6311340332031
389.9495086669922
181.61376953125
182.58370971679688
164.53033447265625
130.89195251464844
66.37030029296875
135.56813049316406
85.32899475097656
86.37144470214844
95.49378967285156
83.22990417480469
55.11161804199219
107.93707275390625
94.33985900878906
52.88792419433594
66.45185852050781
78.89820861816406
69.38642883300781
59.74479675292969
69.85707092285156
66.29965209960938
89.19465637207031
104.27117919921875
93.10586547851562
116.67964172363281
104.14317321777344
95.82611083984375
99.32896423339844
78.14462280273438
102.5941162109375
61.92778015136719
77.2857666015625
101.697265625
121.83132934570312
80.86573791503906
129.4868927001953
265.32652282714844
148.54580688476562
118.49331665039062
178.56907653808594
172.28253173828125
97.60012817382812
82.63201904296875
70.50502014160156
100.36280822753906
82.66270446777344
110.03451538085938
74.80255126953125
56.72544860839844
81.35484313964844
76.68351745605469
112.07684326171875
88.64677429199219
64.33363342285156
56.645965576171875
66.62387084960938
76.77304077148438
200.27395629882812
203.64512634277344
133.06582641601562
63.18177795410156
65.95443725585938
75.0621337890625
75.49462890625
61.91722106933594
40.98773193359375
37.618316650390625
40.37359619140625
60.22535705566406
42.632049560546875
91.64834594726562
58.06927490234375
254.7048797607422
84.40245056152344
125.31536865234375
151.6150360107422
108.93846130371094
71.91426086425781
74.850830078125
89.33131408691406
279.9961700439453
210.0915069580078
141.58319091796875
123.81355285644531
132.1612548828125
162.32424926757812
105.25802612304688
120.71324157714844
112.49131774902344
94.64555358886719
95.90583801269531
72.75466918945312
59.57893371582031
74.72398376464844
78.23930358886719
74.16261291503906
388.9978332519531
571.0321350097656
418.4789276123047
330.9884490966797
439.4031219482422
658.5143585205078
1480.4654998779297
2568.2850189208984
5331.890869140625
10035.734771728516
11634.252456665039
12351.238830566406
18776.34698486328
28741.112213134766
43942.064697265625
75075.29479980469
100538.17762756348
110369.0523223877
99227.07969665527
197240.7744293213
152174.3233947754
248380.10792541504
331607.7702636719
276931.2983856201
188644.16793823242
122233.83421325684
91118.53372192383
80872.22253417969
78381.921875
68996.48124694824
54967.25556945801
44319.08143615723
24923.67967224121
14139.211303710938
9934.04183959961
4464.214889526367
1881.3084411621094
1821.074722290039
1519.989242553711
1968.8121185302734
1317.7552947998047
885.5396118164062
883.5445709228516
636.0478363037109
490.25428771972656
282.6420593261719
253.89285278320312
248.2827606201172
171.47393798828125
182.21617126464844
153.94383239746094
165.4574737548828
88.71267700195312
162.27565002441406
130.07534790039062
145.67550659179688
102.99180603027344
93.02630615234375
69.63958740234375
108.91152954101562
162.63832092285156
107.51304626464844
63.70770263671875
60.54669189453125
57.59306335449219
81.96882629394531
50.795806884765625
82.13737487792969
91.36216735839844
65.40426635742188
49.598541259765625
35.64958190917969
49.81977844238281
41.29829406738281
73.65269470214844
80.20234680175781
68.21722412109375
87.99339294433594
48.02314758300781
63.159759521484375
59.91642761230469
54.02015686035156
51.68086242675781
51.87251281738281
62.05448913574219
57.40550231933594
40.518280029296875
70.48867797851562
57.14021301269531
128.58218383789062
82.46432495117188
250.3589324951172
404.5209655761719
812.0346984863281
1464.210952758789
1554.0984497070312
15849.883926391602
32946.07913208008
50052.40556335449
35488.53486633301
29644.086807250977
82807.88175964355
94364.22729492188
56797.97644042969
44690.62803649902
20030.553771972656
1920.6345977783203
411.7333221435547
351.9218292236328
448.1321105957031
332.8260803222656
428.13182067871094
530.0849761962891
642.5379638671875
1970.16015625
78742.79867553711
329933.3416442871
156679.67416381836
228360.83819580078
224620.62982177734
234556.46101379395
223069.56187438965
254385.0546875
199975.0173034668
127163.62100219727
144270.63926696777
86043.72248840332
75627.55143737793
161496.72052001953
29789.013641357422
65003.25485229492
98451.35778808594
82976.25590515137
32076.892959594727
22066.460556030273
13629.392532348633
16942.430221557617
11365.353332519531
12918.832015991211
13086.214141845703
17493.142044067383
15037.06755065918
14134.410171508789
9437.467239379883
11015.867385864258
10376.56852722168
16133.052825927734
19429.240921020508
28342.87580871582
25311.54852294922
22995.606475830078
17614.243865966797
15051.063095092773
14739.995010375977
11854.762588500977
9306.615936279297
7504.243316650391
8669.141632080078
10586.429138183594
10794.602294921875
10038.0986328125
7034.269546508789
3887.4693908691406
1468.0685424804688
141.39288330078125
20.027572631835938
13.452804565429688
7.936737060546875
11.910568237304688
12.199737548828125
8.584686279296875
11.126419067382812
5.1807098388671875
4.723052978515625
4.42291259765625
6.568878173828125
6.766357421875
5.039581298828125
7.8677978515625
5.3316497802734375
3.9674530029296875
7.621734619140625
3.689239501953125
4.2554473876953125
5.1981964111328125
7.846466064453125
4.372772216796875
5.1297607421875
6.248260498046875
5.4405975341796875
2.9077911376953125
3.7513427734375
5.33563232421875
6.6949920654296875
3.7484893798828125
5.4755401611328125
4.5526580810546875
5.7234344482421875
3.7529449462890625
7.0420989990234375
4.230560302734375
6.5786590576171875
5.17498779296875
3.7464752197265625
5.735687255859375
4.9581756591796875
4.8607025146484375
4.854736328125
5.7032012939453125
4.780426025390625
19.042648315429688
181.30801391601562
1078.7051086425781
4136.313186645508
9328.466369628906
14792.818481445312
17441.190368652344
20555.62954711914
28773.554763793945
30197.6697845459
31309.88412475586
30623.17170715332
13761.912734985352
7347.652008056641
5572.051528930664
3680.5884552001953
6900.520355224609
1227.3504180908203
121.40289306640625
126.73738098144531
130.84031677246094
206.67800903320312
145.36781311035156
146.8060302734375
91.14471435546875
79.29237365722656
145.49424743652344
212.58274841308594
2455.960968017578
2333.3582916259766
5421.911102294922
31084.06983947754
145989.96578979492
196511.60598754883
182707.86444091797
158665.76509094238
109144.6302947998
53689.8448638916
29401.248428344727
38754.148666381836
60795.714447021484
61566.555587768555
53085.91404724121
37615.71789550781
32353.30877685547
29768.455032348633
20537.46891784668
6968.658233642578
4110.98095703125
2546.6602630615234
938.4091033935547
568.3824462890625
683.4017639160156
411.427001953125
486.67271423339844
371.8677520751953
359.06817626953125
759.7268524169922
136.97921752929688
350.2145538330078
256.2930450439453
223.4658203125
84.53099060058594
146.28158569335938
53.34031677246094
35.80186462402344
54.6492919921875
34.2640380859375
33.23014831542969
37.49574279785156
30.272918701171875
