0.0007781982421875
0.0010528564453125
6308.905944824219
36539.62609863281
9785.90495300293
32087.423614501953
20741.44026184082
11488.779113769531
16861.091873168945
15762.062423706055
7610.527450561523
30743.898330688477
15447.244766235352
14350.94497680664
8456.31576538086
9863.090133666992
9778.318756103516
11927.666687011719
8863.882705688477
12985.994094848633
18593.053817749023
14269.936798095703
13003.261596679688
32808.00828552246
25864.372344970703
4575.608093261719
15335.256240844727
28246.699798583984
23521.65934753418
20917.689086914062
12351.312026977539
18559.062942504883
32043.896545410156
26662.112197875977
11780.276962280273
23317.485641479492
34386.74621582031
18215.36102294922
9080.359268188477
9199.766525268555
11570.330215454102
13587.583465576172
8361.373458862305
7106.454879760742
16037.66616821289
31882.51416015625
14140.825119018555
19422.858963012695
11263.24821472168
13368.888748168945
15741.265670776367
9459.980514526367
22500.805953979492
8544.664749145508
20108.397537231445
13053.514129638672
16653.427047729492
8138.748062133789
22858.561447143555
31444.69610595703
32082.8154296875
6541.180587768555
14885.343551635742
16844.48667907715
12383.157165527344
8213.587265014648
13773.224868774414
7191.22119140625
13484.206298828125
13432.698638916016
14745.736038208008
12494.135314941406
16996.75067138672
13906.42854309082
17901.827713012695
37595.41352844238
18844.69854736328
13409.631286621094
17229.11930847168
22386.681564331055
10536.95639038086
15228.247833251953
21829.478073120117
28582.94984436035
43520.2483215332
31540.771392822266
21859.008758544922
12552.168167114258
21830.437301635742
11464.325454711914
29105.76873779297
12191.32551574707
13427.339126586914
8420.628479003906
20469.419326782227
10970.925537109375
13228.744750976562
7139.7437744140625
14981.606033325195
20981.321487426758
12253.63589477539
13933.05842590332
17379.951065063477
18145.774841308594
23593.295135498047
17393.023056030273
13112.694931030273
26211.678314208984
40137.53935241699
7009.844192504883
10018.003890991211
37513.251953125
12282.268524169922
25289.487838745117
22244.49382019043
13509.539367675781
18366.984481811523
11115.80532836914
27096.43714904785
31009.04978942871
63628.88635253906
212752.96730041504
194656.7783050537
126499.38499450684
191416.84956359863
195142.03062438965
180640.8508758545
116509.66104125977
68042.27983093262
100258.8480682373
169255.18008422852
167795.25453186035
67778.29264831543
82074.8490447998
339232.2059173584
633239.4838256836
248202.18891906738
487191.0528564453
395895.89389038086
371853.15855407715
363647.2132720947
238046.33068847656
334841.1148223877
354141.3501586914
309629.2985534668
292186.48080444336
313071.70642089844
515460.54835510254
330478.4392852783
344461.8654937744
390960.2837371826
500969.5435028076
338835.68255615234
281000.3234863281
586546.1886291504
485870.61630249023
541760.5614776611
353053.71533203125
362336.5262451172
297038.83197021484
275342.1173400879
311511.21226501465
292670.68577575684
206448.558303833
198850.84773254395
128555.6085357666
108164.08358764648
67488.82861328125
51303.96600341797
91767.48587036133
56092.473373413086
58622.87432861328
20914.218719482422
15773.562286376953
39549.69177246094
10879.713333129883
14317.131088256836
15002.995208740234
6655.152679443359
9969.168380737305
7820.783584594727
6829.884826660156
9077.229553222656
7273.901031494141
9141.14340209961
8207.675247192383
5843.096374511719
8662.900115966797
5284.382797241211
6113.434310913086
9697.102813720703
19512.81623840332
13009.563858032227
9748.39323425293
9754.300430297852
15171.886169433594
11671.281631469727
8248.370147705078
9289.963562011719
10053.529907226562
12705.602798461914
9144.776184082031
8592.58528137207
9216.713653564453
14254.852493286133
8842.925018310547
14631.670654296875
8978.51545715332
20730.492248535156
13341.738555908203
14069.37515258789
15674.210678100586
11794.026901245117
16385.291549682617
20142.267684936523
15812.559982299805
19939.3331451416
16276.561904907227
18769.6326751709
12765.171798706055
18636.55812072754
21143.469436645508
15590.048095703125
14264.684448242188
10533.981552124023
18625.594940185547
16576.015518188477
9598.23324584961
11395.645309448242
12465.967300415039
14842.693145751953
13579.361618041992
12829.437713623047
21138.83935546875
18961.690994262695
8433.478103637695
11508.90902709961
18686.844467163086
17206.622848510742
11097.08920288086
12426.684585571289
9946.316543579102
8332.145904541016
10617.544906616211
7774.5775146484375
8791.174270629883
12144.29248046875
10131.796890258789
29841.357055664062
37326.8088684082
60553.90335083008
40663.527572631836
26038.4893951416
34438.62097167969
33333.42686462402
15953.641036987305
9576.012634277344
9620.786392211914
17728.848175048828
20273.287063598633
6931.019607543945
19202.7266998291
22056.260803222656
16139.679290771484
12334.963851928711
15002.017501831055
10177.949508666992
17882.58302307129
19101.950897216797
12992.118362426758
6090.234359741211
14300.575256347656
12717.226654052734
10305.151672363281
11420.926773071289
9562.198303222656
7906.317489624023
18449.511688232422
15792.501281738281
17322.699798583984
10202.35073852539
17085.256912231445
27258.249725341797
34171.50621032715
10112.12173461914
15676.516632080078
27449.479217529297
23265.522369384766
12392.943496704102
11819.936767578125
20530.50863647461
16147.773849487305
7596.662628173828
14053.253921508789
10919.998764038086
10659.052108764648
20523.36248779297
12643.634048461914
15589.991287231445
12344.49885559082
13286.404830932617
17072.5938873291
13408.32260131836
9340.32731628418
15966.734069824219
10409.217330932617
19036.423141479492
11141.473739624023
18316.206466674805
22003.673431396484
16127.461486816406
17407.341751098633
16230.593032836914
9201.306732177734
13586.770980834961
22662.94953918457
15233.72476196289
9006.149948120117
17613.814361572266
13295.006240844727
22808.454681396484
27797.6456451416
25468.4923248291
14907.11328125
14315.060195922852
16061.379821777344
10422.94955444336
9412.527084350586
19324.373107910156
17925.30435180664
18592.456588745117
14246.188461303711
9995.497451782227
10416.85725402832
23166.83708190918
76450.70178222656
450134.3665008545
178197.12506103516
258092.0149230957
161376.38874816895
174573.65223693848
155277.15643310547
76939.74803161621
70720.39422607422
52552.61427307129
44387.25328063965
11974.97526550293
20182.02960205078
10429.134170532227
12115.750762939453
11897.862518310547
11942.775283813477
12715.267074584961
16960.879592895508
16299.47184753418
7869.180953979492
10604.818649291992
18268.585998535156
9973.993026733398
16452.50682067871
11355.676391601562
10219.50244140625
23629.263397216797
19780.75148010254
11351.652862548828
13355.303176879883
9362.29867553711
20571.676681518555
5293.750442504883
