0.22314453125
0.06158447265625
0.1571807861328125
0.2662353515625
1.246185302734375
1.3935546875
0.5724639892578125
0.3083038330078125
0.22430419921875
0.0552520751953125
0.10614013671875
0.27410888671875
0.0839691162109375
0.029266357421875
0.1851043701171875
0.002288818359375
0.003570556640625
0.698699951171875
0.417724609375
0.3104248046875
0.5442352294921875
0.5218505859375
0.2227783203125
0.1411590576171875
0.1126708984375
0.24456787109375
0.262420654296875
0.102447509765625
0.0565032958984375
0.06036376953125
0.2046661376953125
0.32452392578125
0.4230194091796875
0.1183929443359375
0.101654052734375
0.33270263671875
0.225982666015625
0.082000732421875
0.471527099609375
0.47454833984375
0.062957763671875
0.1011505126953125
0.09161376953125
0.0899810791015625
0.1004638671875
0.123931884765625
0.1167144775390625
0.048095703125
0.228302001953125
0.41082763671875
0.649444580078125
0.5999908447265625
0.30316162109375
0.103668212890625
0.0576629638671875
0.125335693359375
0.2130889892578125
0.1827545166015625
0.246002197265625
0.270172119140625
0.4459381103515625
0.1974029541015625
0.0977935791015625
0.1186676025390625
0.2193603515625
0.293304443359375
0.155242919921875
0.0201568603515625
0.04718017578125
0.07183837890625
0.20318603515625
0.1641082763671875
0.2386932373046875
0.1315155029296875
0.115020751953125
0.1074371337890625
0.04779052734375
0.030303955078125
0.2082366943359375
0.249114990234375
0.2369232177734375
0.58575439453125
0.4042205810546875
0.355682373046875
0.26031494140625
0.028961181640625
0.0679779052734375
0.087738037109375
0.245941162109375
0.1733551025390625
0.0441741943359375
0.041656494140625
0.0465087890625
0.0648040771484375
0.0597686767578125
0.033660888671875
0.0340423583984375
0.0285797119140625
0.08734130859375
0.0726318359375
0.1275787353515625
8.465728759765625
66.74551391601562
35.19696044921875
2.2371368408203125
0.017791748046875
1.17462158203125
1.2646331787109375
0.036895751953125
0.036956787109375
0.0628509521484375
0.14404296875
0.3301544189453125
0.6000213623046875
0.3567962646484375
0.1800689697265625
0.37860107421875
0.4584808349609375
0.7261810302734375
9.217330932617188
13525.965209960938
617296.2218170166
774822.8760223389
780942.7627716064
812349.4248504639
824548.87550354
773254.4627838135
824704.4393615723
781706.0662689209
834338.725479126
828731.8246917725
834572.1284179688
842470.3118286133
840456.6194763184
793192.4185180664
756907.9256439209
749198.5781097412
742004.6368103027
727120.3869171143
754120.1017456055
755621.3422241211
756656.5150299072
833050.0612487793
869576.2025756836
859779.048828125
805825.1485595703
734415.2591705322
746241.621307373
704011.0438842773
745773.7136383057
845176.3342437744
823190.800704956
803815.2761230469
916853.3213653564
920607.0682373047
855891.4490966797
866512.9429473877
819380.87550354
806084.332901001
831778.5463256836
792806.6225891113
763214.0824279785
716349.6316070557
639744.0324707031
532766.7842254639
390967.5669250488
279512.86880493164
111358.1909942627
77485.81938171387
46274.80812072754
37251.27163696289
19653.178176879883
9695.60629272461
2303.012176513672
267.8063659667969
304.44476318359375
156.05873107910156
29.143814086914062
8.822616577148438
4.2736358642578125
2.3045501708984375
1.5265960693359375
1.2101593017578125
0.69195556640625
0.69622802734375
0.6621246337890625
0.5147552490234375
0.6571502685546875
0.73602294921875
0.3676605224609375
0.302520751953125
0.131256103515625
0.08544921875
0.079986572265625
0.3087005615234375
0.3740081787109375
1.72772216796875
0.24822998046875
0.0516204833984375
0.7123565673828125
0.4677581787109375
0.0102996826171875
0.0144805908203125
0.018218994140625
0.0395965576171875
0.0770111083984375
0.080413818359375
0.4930419921875
0.57080078125
0.47900390625
0.539886474609375
0.3762359619140625
0.458953857421875
0.401031494140625
1.17486572265625
0.8130645751953125
0.89453125
0.4623565673828125
0.45538330078125
0.651153564453125
0.7770538330078125
0.8765869140625
0.4818572998046875
0.2911529541015625
0.171051025390625
0.2593231201171875
0.3173065185546875
0.8720703125
1.0003814697265625
1.24786376953125
1.1049957275390625
0.809722900390625
0.8595733642578125
0.8616485595703125
0.6283111572265625
1.557830810546875
4.7266693115234375
1479.2550506591797
191763.39767456055
427021.8366699219
573195.4306030273
499926.36988830566
502800.68280029297
692144.128036499
675092.4248504639
755078.7965087891
830557.7966766357
824508.3883972168
793245.2445526123
736157.7904205322
691964.7261047363
740212.4121551514
808851.689956665
838939.5184631348
835537.2683563232
826936.0042266846
819112.8006134033
834128.1457824707
841021.2698669434
853857.9868011475
860199.1814880371
878485.4772033691
910847.2332763672
866590.7061004639
878995.9422302246
895273.3243713379
888714.1809387207
881639.1134033203
863752.5866851807
873135.9420013428
869004.2349395752
873871.6267852783
887595.9064483643
905473.4775238037
895373.3562164307
856955.1626586914
895109.98487854
849471.3824768066
859446.7388763428
858907.6161651611
809477.2094573975
805441.5569610596
847363.7614746094
846422.4624938965
803604.5101470947
781237.4068603516
808483.1675720215
777478.0490264893
735639.4342041016
719382.7440338135
708771.7159576416
655650.4929199219
651414.1177215576
569340.2156982422
474266.73011779785
478708.89878845215
368188.2042541504
227842.6296081543
69834.84620666504
60998.52714538574
18920.260696411133
2814.8311920166016
1743.2362670898438
733.5394439697266
167.0479278564453
113.52296447753906
72.43940734863281
26.463790893554688
22.701431274414062
13.609848022460938
7.8938751220703125
5.3994903564453125
3.46246337890625
3.096099853515625
2.3366241455078125
1.1621856689453125
1.0051727294921875
0.713775634765625
1.5476226806640625
1.879364013671875
1.509765625
0.9497528076171875
0.160186767578125
0.32574462890625
0.30908203125
0.5519866943359375
0.616180419921875
0.5258331298828125
1.8781890869140625
2.4707794189453125
1.31109619140625
1.361846923828125
0.8894500732421875
1.1351776123046875
1.1215057373046875
1.5319366455078125
2.2400360107421875
3.6811981201171875
3.6410064697265625
3.385894775390625
5.2052764892578125
3.026458740234375
1.083221435546875
1.7276458740234375
1.524505615234375
0.7939453125
0.36883544921875
0.0586090087890625
0.1609649658203125
0.213348388671875
0.0487213134765625
0.1294097900390625
0.1026153564453125
0.14886474609375
0.1003265380859375
0.4111175537109375
0.25177001953125
0.1016082763671875
0.3847198486328125
0.3850860595703125
0.1345672607421875
0.1077880859375
0.0184326171875
0.051544189453125
0.039794921875
0.028228759765625
0.163360595703125
0.4459991455078125
0.13201904296875
0.1422271728515625
0.1011962890625
0.830902099609375
2.8400421142578125
12336.206924438477
28159.982299804688
43556.79266357422
67040.80215454102
71432.13604736328
106437.34701538086
122869.79800415039
118775.79112243652
122356.55839538574
121678.40173339844
128921.1457824707
152698.05838012695
135358.0437927246
138282.25299072266
158761.77822875977
163159.44036865234
177531.83071899414
191288.48080444336
236624.02839660645
255525.65190124512
291946.92793273926
283369.98094177246
310635.37226867676
395141.07904052734
401184.95500183105
318472.65437316895
344489.76596069336
336308.06047058105
348779.21266174316
366108.8638153076
448114.24978637695
481820.9359588623
471076.6658935547
479869.91694641113
471579.6945953369
456985.31663513184
467196.0052947998
506960.297164917
553406.5723571777
578353.8029174805
543938.2195587158
530049.270980835
569508.162902832
576713.2465820312
504422.18490600586
537114.8613433838
539421.4203338623
543096.1818389893
530433.5058288574
566830.5681304932
546044.3909606934
590708.660079956
549085.9421386719
503138.86946105957
469681.3145751953
448419.26304626465
485534.1859588623
498351.3511047363
486673.6078033447
471940.25396728516
419995.37519836426
368864.55082702637
296133.8083496094
241972.34172058105
194439.1515045166
196502.59034729004
149599.0454711914
72751.35749816895
33995.78596496582
16338.591369628906
6780.863021850586
1563.5822143554688
477.6794128417969
265.2283172607422
151.3294219970703
34.769317626953125
14.339019775390625
6.516815185546875
3.8718414306640625
4.10455322265625
4.861297607421875
3.5915985107421875
1.754486083984375
0.9696807861328125
0.906585693359375
0.725799560546875
2.0576934814453125
1.8179779052734375
0.8232421875
0.562255859375
0.1570281982421875
1.05023193359375
1.1143035888671875
0.7214813232421875
0.5629119873046875
0.218170166015625
0.354522705078125
0.4651031494140625
1.1748199462890625
1.615570068359375
2.11981201171875
1.0999755859375
0.4272308349609375
0.297698974609375
0.5186309814453125
0.3856964111328125
0.3831024169921875
0.2806549072265625
0.2421417236328125
0.2363128662109375
0.2149200439453125
0.1575164794921875
0.1119384765625
0.0251007080078125
0.132080078125
0.1599578857421875
0.2102508544921875
0.2562408447265625
0.45379638671875
0.411865234375
0.1920013427734375
0.302734375
0.20208740234375
0.0258941650390625
0.0534210205078125
0.040802001953125
0.019744873046875
0.03070068359375
1.2667083740234375
12.546951293945312
15865.379119873047
90305.58682250977
117584.6411743164
158636.64904785156
231823.11235046387
222240.9719390869
280398.16580200195
343703.7705230713
345154.9184875488
365465.9227142334
324837.06803894043
294388.5561981201
290547.5141143799
307671.04679870605
310150.7282562256
317421.4095916748
323097.9389038086
329867.8357696533
327197.3609008789
316442.4871368408
300600.452835083
311747.06213378906
323919.00790405273
332212.142578125
337841.92094421387
328257.1954803467
340491.9544830322
330354.33570861816
321462.25483703613
320064.49142456055
325163.78034973145
333933.9241027832
335123.4270019531
305908.2246246338
298311.5481414795
278773.0783843994
269765.7964782715
264037.1160430908
260264.83642578125
267865.021484375
279788.2872467041
270321.81579589844
274180.93392944336
276998.01193237305
275563.16871643066
271117.89532470703
253450.91401672363
241909.05155944824
242861.0920715332
246481.82633972168
241500.35093688965
230476.9789276123
223769.25643920898
201508.05073547363
195581.131149292
164346.5746459961
151303.10752868652
130455.64804077148
114971.13705444336
99311.47668457031
90298.62115478516
76953.14370727539
46467.91882324219
13121.886489868164
1190.2306213378906
182.53248596191406
112.59391784667969
90.15849304199219
22.31976318359375
1.93524169921875
2.6337432861328125
2.6192169189453125
0.8251495361328125
0.0515899658203125
0.69671630859375
1.773162841796875
3.79443359375
1.3231353759765625
0.3657684326171875
0.095855712890625
0.1145477294921875
0.20849609375
0.2761077880859375
0.1843719482421875
0.046905517578125
0.0299072265625
0.0725555419921875
0.28271484375
0.3433837890625
0.0982513427734375
0.0608062744140625
0.148529052734375
0.2201690673828125
0.2860260009765625
0.0980224609375
0.1176300048828125
0.2523956298828125
0.1583404541015625
0.09393310546875
0.2097015380859375
0.230560302734375
0.0632476806640625
0.05377197265625
0.0361480712890625
0.18695068359375
0.313140869140625
0.26104736328125
0.2377777099609375
0.14111328125
0.023834228515625
0.0334930419921875
0.0233154296875
0.0315093994140625
0.0519256591796875
0.214996337890625
1.39666748046875
5.6084136962890625
556.2604522705078
64511.79347229004
101933.95364379883
119390.02502441406
144497.05728149414
148728.42434692383
152861.4411468506
155637.16917419434
172864.10989379883
191074.17164611816
204576.27885437012
204356.50051879883
206168.65382385254
207918.4473876953
207002.33030700684
211101.7607574463
209563.09883117676
205006.19216918945
208262.3851776123
212208.74604797363
217113.56771850586
225097.28958129883
230034.68116760254
230309.40698242188
235300.3738861084
237901.41860961914
237622.44635009766
232947.05464172363
235125.95083618164
233357.47157287598
239858.96740722656
247268.73832702637
251507.1081237793
248605.42291259766
243676.87046813965
239290.14515686035
239355.3352508545
248206.72953796387
252400.35830688477
243439.29823303223
244909.10159301758
239542.81860351562
235395.16455078125
240063.3673248291
238622.89993286133
240170.18098449707
249923.74433898926
252210.6865081787
251366.5467529297
252479.2228088379
249661.05953979492
243101.06796264648
232671.45965576172
231586.45858764648
230151.4990386963
236533.93072509766
235984.47012329102
223415.5578918457
210346.87524414062
202083.0676727295
180856.57759094238
160214.30883789062
136101.9542541504
117679.86169433594
113051.65257263184
115389.97471618652
82595.03973388672
34058.412033081055
14270.860366821289
4109.388259887695
443.41432189941406
79.23251342773438
92.05400085449219
80.15576171875
44.99513244628906
27.021713256835938
35.99037170410156
38.20219421386719
46.631256103515625
38.39454650878906
22.441574096679688
19.209823608398438
10.894790649414062
8.385498046875
6.5059967041015625
3.8616485595703125
4.9205780029296875
5.3316192626953125
3.81488037109375
3.0942840576171875
2.47314453125
4.079437255859375
4.3709259033203125
3.08856201171875
3.3850555419921875
4.0706634521484375
2.96136474609375
1.8289947509765625
2.74066162109375
4.453765869140625
3.4729766845703125
3.5985107421875
3.64251708984375
1.459503173828125
0.7454833984375
0.377410888671875
0.1241607666015625
0.1208038330078125
0.6768951416015625
0.8683319091796875
0.5593109130859375
0.9818115234375
0.6100311279296875
0.461273193359375
0.3595123291015625
0.2046051025390625
0.3969879150390625
0.466278076171875
1.22418212890625
0.7444610595703125
0.311553955078125
0.7209625244140625
0.70538330078125
0.78460693359375
0.6340179443359375
0.6716766357421875
3.983795166015625
412.8030090332031
61330.86004638672
164176.4688873291
204008.64233398438
273452.2065124512
323494.3526916504
384796.3642730713
490964.24671936035
533203.3686218262
518203.77702331543
590946.9643554688
656899.1196746826
642510.2736816406
680187.0028839111
713569.3313751221
686368.4876861572
694981.6153259277
684821.1285095215
680112.6553649902
645866.7126159668
617495.9011688232
608406.0396881104
591966.5757904053
571781.3092498779
586953.9306182861
591250.3046569824
622203.144821167
594631.9884796143
585892.4442138672
548290.602722168
553003.7498931885
515315.25288391113
523802.89225769043
478836.5920715332
464372.3059387207
457418.7470397949
457735.5514984131
460084.460647583
501606.6962585449
481953.0678253174
461997.9621734619
433671.17808532715
411885.77937316895
397385.87840270996
396615.58070373535
404683.2512512207
415821.04864501953
408510.3716430664
400554.1315765381
402671.64666748047
395455.47772216797
425268.9311218262
407331.0277404785
396749.62992858887
386085.61402893066
377001.3672180176
311507.29399108887
250989.51969909668
226080.03497314453
210430.0142364502
134557.70210266113
43133.76614379883
12334.6748046875
3393.6329803466797
758.7149963378906
286.6801300048828
222.3607177734375
41.95359802246094
14.42059326171875
6.66217041015625
5.2718963623046875
2.42523193359375
3.285247802734375
3.8236083984375
3.6809844970703125
1.9363555908203125
0.7946014404296875
0.5115203857421875
0.285186767578125
0.48480224609375
1.0495147705078125
1.5081787109375
1.5858154296875
1.7965850830078125
1.604278564453125
2.1451568603515625
1.5559234619140625
1.31536865234375
1.15020751953125
0.47247314453125
0.260009765625
0.1555023193359375
0.0871429443359375
0.1786041259765625
0.213592529296875
0.3231658935546875
0.3061370849609375
0.5371246337890625
0.530792236328125
0.545562744140625
0.1922607421875
0.0624847412109375
0.12164306640625
0.2139739990234375
0.2361907958984375
0.25653076171875
0.3167724609375
0.794708251953125
0.6546630859375
0.3506317138671875
0.5223236083984375
0.359954833984375
0.9370269775390625
0.43524169921875
0.0296630859375
0.4287261962890625
0.4605560302734375
0.063873291015625
0.08856201171875
0.109039306640625
0.2238922119140625
0.2162628173828125
0.3009796142578125
0.4289703369140625
0.40423583984375
0.4504241943359375
0.5017242431640625
0.505706787109375
0.4430694580078125
0.156585693359375
0.7455291748046875
0.7458038330078125
0.070343017578125
0.0726776123046875
0.013427734375
0.0424957275390625
0.0189971923828125
