168.53762817382812
149.74366760253906
242.56875610351562
131.0713653564453
123.33778381347656
96.49250793457031
163.783447265625
112.84698486328125
88.75950622558594
144.31211853027344
245.8768310546875
100.03929138183594
1383.1282501220703
2148.9450073242188
5330.180419921875
8195.137084960938
10897.534210205078
11933.414108276367
10785.744201660156
17874.55828857422
19134.61637878418
20911.26319885254
22819.264389038086
26637.832260131836
23849.348724365234
31458.941925048828
33467.35725402832
34261.43344116211
32329.4949798584
31565.202590942383
39450.9513092041
40389.01281738281
27771.488388061523
18838.456298828125
21158.613372802734
19276.782455444336
17533.972381591797
11309.283020019531
8411.54460144043
4849.163711547852
2724.397430419922
3485.284210205078
1418.3555603027344
597.988525390625
396.20147705078125
707.1288452148438
413.207763671875
255.5657958984375
277.2969207763672
167.0889892578125
312.5339660644531
359.3598937988281
219.46176147460938
274.6816711425781
268.3600311279297
342.6079864501953
3901.7080841064453
7700.693572998047
17515.92170715332
15719.521408081055
13840.88786315918
7496.503662109375
4144.178024291992
4836.511337280273
2412.014678955078
5918.284439086914
14417.795028686523
28478.04948425293
29905.989486694336
18462.689025878906
32194.515670776367
31574.498748779297
35374.474060058594
27883.31802368164
26227.106399536133
26969.513580322266
19870.485260009766
7419.275131225586
7460.191101074219
4902.844909667969
4257.2083740234375
6391.582046508789
3333.5860137939453
2120.123580932617
847.9580688476562
2593.799819946289
862.1674652099609
1090.9308013916016
474.5692901611328
466.2202911376953
281.9989013671875
246.2334747314453
249.8589630126953
128.93447875976562
101.67143249511719
101.6046142578125
958.5881195068359
1750.2085418701172
3617.640899658203
2522.3009490966797
2468.4803314208984
4042.1565856933594
3746.272201538086
5289.561325073242
4859.991394042969
3464.0116424560547
5358.784317016602
3164.187484741211
5785.69987487793
5721.964553833008
5859.541839599609
7364.859100341797
3977.5553436279297
6398.4532470703125
4282.36393737793
3522.9859008789062
4925.225494384766
3035.562942504883
5221.767349243164
3831.689498901367
3987.8595275878906
4272.934799194336
3615.652587890625
5018.236343383789
2685.3323669433594
4611.636215209961
3438.2164306640625
3218.288055419922
2665.8573608398438
2261.9723205566406
2436.580795288086
1150.1009674072266
1564.5040435791016
807.3072509765625
381.2591857910156
286.2564239501953
263.9036865234375
256.856201171875
177.92312622070312
393.9686584472656
5925.444900512695
10412.847579956055
9978.695404052734
9223.608825683594
10914.893951416016
12197.499130249023
8654.063385009766
6854.385406494141
2776.2706451416016
2023.5392761230469
754.4491271972656
384.375244140625
442.0901641845703
2617.7579956054688
7933.153518676758
6564.434097290039
9359.366821289062
9100.272537231445
8011.194717407227
12488.870681762695
9960.870162963867
11786.597213745117
9449.29621887207
8978.119659423828
12282.115905761719
9215.096252441406
7983.754653930664
5311.558181762695
7617.060760498047
4817.991363525391
4691.128921508789
1588.3224792480469
1719.6060180664062
1361.5830688476562
667.8785247802734
526.5596771240234
221.44949340820312
124.62667846679688
159.65354919433594
208.19741821289062
83.12101745605469
84.84803771972656
92.33610534667969
58.680816650390625
100.47796630859375
84.69845581054688
65.59538269042969
76.99212646484375
72.52340698242188
52.998779296875
84.52890014648438
111.52972412109375
450.1493377685547
188.87796020507812
128.71177673339844
182.54161071777344
54.501312255859375
65.63229370117188
493.2895050048828
3576.1861877441406
4584.152374267578
4187.252182006836
2117.237258911133
1418.5843505859375
1780.7238464355469
3928.0877532958984
8913.088363647461
13147.247146606445
19796.721588134766
27531.461364746094
39662.442810058594
23050.27032470703
28044.37156677246
24157.593338012695
13781.938751220703
5982.723480224609
9614.523910522461
45572.540771484375
46828.661361694336
39820.2227935791
34358.95736694336
28036.42155456543
22339.16633605957
13722.080032348633
11556.20620727539
20352.108337402344
27833.893600463867
31793.176986694336
38391.16145324707
37890.341537475586
32482.484130859375
10656.378875732422
5149.152435302734
1943.1440887451172
435.1006622314453
746.0081787109375
1709.9649810791016
1095.3172454833984
1068.5224609375
349.1314392089844
90.92085266113281
114.5081787109375
140.18226623535156
157.94029235839844
83.68641662597656
137.9183807373047
72.09075927734375
86.93853759765625
124.46749877929688
69.52984619140625
100.51425170898438
63.55108642578125
73.85075378417969
36.0648193359375
36.38288879394531
52.501861572265625
35.86067199707031
70.01765441894531
66.14408874511719
75.65858459472656
54.15602111816406
59.00303649902344
28.535537719726562
74.99148559570312
58.928497314453125
73.57415771484375
37.69041442871094
45.28544616699219
117.85533142089844
64.85054016113281
47.66108703613281
65.050048828125
66.60076904296875
117.84703063964844
53.98466491699219
61.08235168457031
126.692626953125
1953.1302490234375
1355.2811279296875
3121.407196044922
3181.0437622070312
3381.9669647216797
3493.3938598632812
3247.3761596679688
2901.403610229492
2123.787551879883
2304.0337677001953
2012.8861083984375
1940.1424713134766
1380.532958984375
806.8994293212891
1108.6539154052734
406.534423828125
207.48367309570312
114.0361328125
141.01222229003906
151.59036254882812
131.26588439941406
119.2620849609375
232.76702880859375
86.25326538085938
117.24227905273438
136.08889770507812
61.71247863769531
109.78007507324219
100.31362915039062
48.54566955566406
117.61549377441406
64.30137634277344
54.00395202636719
55.15016174316406
74.67970275878906
103.4083251953125
51.21406555175781
57.72712707519531
90.91313171386719
49.111907958984375
73.19804382324219
555.3147277832031
4375.576675415039
6021.073791503906
6075.643264770508
3207.297592163086
4692.790435791016
4375.111877441406
5477.940780639648
4962.094436645508
5186.623031616211
2764.6592712402344
3135.3883514404297
1902.7236938476562
3040.178970336914
3100.3312377929688
4536.895080566406
4053.136932373047
2329.4529418945312
2013.6640014648438
1698.070541381836
850.5508728027344
362.89610290527344
123.38912963867188
135.63978576660156
124.40205383300781
91.10293579101562
128.92054748535156
82.03463745117188
64.061279296875
44.08290100097656
41.57148742675781
42.37773132324219
47.381011962890625
122.70393371582031
72.34611511230469
456.38487243652344
374.68507385253906
194.45359802246094
162.97976684570312
205.40676879882812
1411.9226989746094
714.4128875732422
1378.9963989257812
1061.4794158935547
2746.7919006347656
6971.349609375
5517.331329345703
7638.456390380859
4850.884460449219
4827.343856811523
2899.3351135253906
2053.4163665771484
5848.77978515625
6448.497344970703
6255.9327392578125
5694.527145385742
9346.290756225586
13213.776458740234
9827.874938964844
10785.739532470703
11668.363327026367
6942.769989013672
4611.827728271484
2479.475830078125
1926.1517028808594
1253.645751953125
1434.3382110595703
2760.9156036376953
3388.4662170410156
2109.518997192383
3354.767059326172
2896.6031799316406
1525.1923522949219
949.3861541748047
295.54058837890625
578.3300170898438
172.18812561035156
97.89689636230469
65.90753173828125
93.84623718261719
88.817626953125
84.68756103515625
78.42594909667969
97.80384826660156
50.33747863769531
69.14222717285156
56.22886657714844
53.272613525390625
41.49916076660156
114.09527587890625
627.9571228027344
1458.523193359375
2103.5748901367188
1658.0618133544922
1853.980697631836
2328.221206665039
1883.8531799316406
2628.446731567383
5574.625244140625
6148.952056884766
9584.999313354492
12004.101852416992
6642.731597900391
4097.891189575195
4144.263870239258
6082.161544799805
1386.211410522461
1708.6037902832031
815.8794403076172
459.00209045410156
307.0844268798828
181.75424194335938
101.15602111816406
777.9683227539062
460.8152770996094
290.7763977050781
197.494873046875
132.2287139892578
326.69512939453125
1763.5744018554688
2410.9634704589844
1101.5894317626953
1559.5843505859375
915.2949981689453
1102.4695587158203
1925.8340606689453
1059.1056823730469
1081.640609741211
943.1508483886719
831.8970031738281
658.5856018066406
417.9340515136719
374.5605926513672
390.2980194091797
288.48143005371094
298.48565673828125
383.1116180419922
202.6721954345703
205.6240997314453
211.2375030517578
131.9923553466797
59.36717224121094
106.84645080566406
58.1240234375
88.27511596679688
69.72087097167969
62.342926025390625
68.09695434570312
80.23359680175781
67.65873718261719
45.48585510253906
63.05810546875
84.72489929199219
64.51271057128906
81.76084899902344
37.304229736328125
57.494140625
47.24067687988281
33.95668029785156
47.35882568359375
42.87294006347656
62.489349365234375
62.28314208984375
88.51924133300781
47.21113586425781
61.93278503417969
72.70027160644531
75.17332458496094
65.36148071289062
97.06430053710938
107.36451721191406
54.86643981933594
93.20259094238281
69.97611999511719
99.53175354003906
73.738525390625
59.93952941894531
62.19816589355469
57.26470947265625
70.90406799316406
64.09597778320312
33.120758056640625
40.71968078613281
49.79801940917969
71.69703674316406
74.16178894042969
63.471527099609375
36.40223693847656
82.84548950195312
33.67201232910156
62.041259765625
63.371917724609375
62.934234619140625
70.94712829589844
62.96348571777344
48.45753479003906
68.64546203613281
43.29066467285156
62.38372802734375
51.29881286621094
62.13679504394531
71.52964782714844
65.78480529785156
74.09561157226562
44.13623046875
60.73675537109375
40.97306823730469
61.23332214355469
69.11491394042969
68.83421325683594
55.444366455078125
54.72520446777344
66.77372741699219
59.04328918457031
42.75959777832031
68.65968322753906
53.830841064453125
21.8623046875
