16.105880737304688
6.1689453125
4.444061279296875
4.292877197265625
3.9810943603515625
4.1972503662109375
4.10833740234375
4.0406341552734375
4.12786865234375
4.2601776123046875
2.7208404541015625
0.0735931396484375
0.0607757568359375
0.0684814453125
0.07098388671875
0.0594635009765625
0.0601959228515625
0.0623626708984375
0.0649871826171875
0.0650482177734375
0.066131591796875
0.05804443359375
0.0671234130859375
0.067413330078125
0.0653533935546875
0.0556488037109375
0.0696258544921875
0.308441162109375
5836.720779418945
4681.183090209961
7443.864685058594
8563.70735168457
17750.301498413086
23719.579986572266
24911.306640625
17741.432540893555
29195.56184387207
14401.649993896484
8677.367919921875
3162.4007720947266
7598.206802368164
142927.41664123535
154496.3975830078
149974.19065856934
90799.60752868652
89746.57725524902
69272.32553100586
3949.4017181396484
2685.9826049804688
5475.719192504883
32267.93980407715
47019.9561920166
17965.251235961914
12886.47053527832
10146.311645507812
6455.9827880859375
1084.1363983154297
231.1117706298828
171.788330078125
342.83416748046875
2674.8004302978516
2467.759963989258
1601.3270263671875
1255.3430480957031
1843.237060546875
3704.3567504882812
7706.43815612793
7728.993759155273
8501.974319458008
11335.332794189453
13604.68879699707
3756.2210693359375
1039.758071899414
1550.1881103515625
2907.9793548583984
3271.7901458740234
3229.3570251464844
14656.025299072266
50521.30010986328
38409.86038208008
24229.923599243164
3494.4771270751953
4005.6845092773438
41713.240661621094
60453.33721923828
60198.770111083984
42823.33154296875
28271.953536987305
27578.96711730957
22984.417251586914
16165.472473144531
10751.822296142578
7951.558578491211
6485.971862792969
16895.38409423828
36703.65980529785
44169.989517211914
39250.28137207031
36011.89454650879
31461.078659057617
33162.42025756836
27308.2744140625
16933.770416259766
12945.983871459961
3842.554962158203
600.5241241455078
201.30142211914062
128.1783905029297
95.7647705078125
121.79495239257812
99.80908203125
66.78227233886719
97.31851196289062
65.26251220703125
81.41984558105469
1390.937255859375
4695.479110717773
453.49200439453125
197.8482208251953
163.38633728027344
113.35122680664062
166.69967651367188
155.44647216796875
206.15774536132812
257.92393493652344
324.20550537109375
394.8159942626953
344.14891052246094
271.79962158203125
323.28143310546875
312.88470458984375
171.542236328125
122.17459106445312
113.86058044433594
92.7650146484375
105.673095703125
69.49012756347656
78.7327880859375
90.33338928222656
72.99833679199219
96.56831359863281
64.73915100097656
101.24557495117188
94.68084716796875
89.20138549804688
100.564453125
60.38746643066406
80.56275939941406
97.27879333496094
80.98391723632812
93.34483337402344
67.86683654785156
88.9013671875
91.77775573730469
105.29859924316406
177.47311401367188
457.05860900878906
888.5496520996094
1502.3245697021484
4749.994430541992
7539.9757080078125
21919.916290283203
156129.83602905273
202252.77153015137
118055.20349121094
5877.938247680664
1857.6558685302734
782.5871429443359
699.50634765625
1835.544937133789
16966.245483398438
29693.80841064453
52107.12451171875
34305.40690612793
2054.762451171875
1604.2870330810547
6857.819427490234
22957.79150390625
4706.703475952148
7290.864791870117
5231.997772216797
29685.709106445312
7329.494400024414
109832.42335510254
362789.8684234619
243070.77876281738
309879.15339660645
170578.80940246582
55288.44206237793
94039.91436767578
35512.80471801758
23946.564163208008
11444.290237426758
8006.254776000977
601.6010437011719
692.1878662109375
305.69252014160156
121.77259826660156
183.46475219726562
100.99609375
91.19265747070312
102.76216125488281
70.5142822265625
103.57278442382812
88.02296447753906
84.63853454589844
84.35488891601562
91.14276123046875
56.50115966796875
105.0274658203125
86.36447143554688
44.18241882324219
