59.127960205078125
71.79814147949219
14.92694091796875
25.075958251953125
44.038909912109375
36.24964904785156
34.18595886230469
9.116195678710938
8.345840454101562
6.322357177734375
11.409133911132812
9.662139892578125
6.2105865478515625
6.0367431640625
11.859329223632812
6.3385009765625
6.461029052734375
11.464279174804688
16.809280395507812
40.59027099609375
13.7498779296875
7.071136474609375
9.0296630859375
48.28594970703125
596.347900390625
32029.289794921875
101526.50018310547
130355.73924255371
137841.46559143066
156117.00842285156
269790.09928894043
287038.6477661133
285494.08264160156
228569.61476135254
126256.93496704102
29725.621170043945
7345.851348876953
5575.356948852539
4311.346771240234
1957.3849487304688
8427.880279541016
95621.5778503418
149843.82585144043
111682.93048095703
122873.6392364502
144560.2025756836
90357.8462677002
99977.23292541504
69571.00715637207
45852.152755737305
7594.844589233398
1591.5422058105469
731.1779479980469
2014.8724365234375
1443.0107727050781
1513.0230102539062
414.7138671875
25770.138153076172
89143.61050415039
60928.085525512695
39083.714920043945
45545.88781738281
32028.1163482666
22023.44859313965
21322.92660522461
25383.92462158203
15153.599838256836
3127.2005004882812
554.1287231445312
669.5580902099609
13574.150497436523
42156.47994995117
85721.64828491211
80031.92245483398
89016.92922973633
67228.84629821777
83326.54075622559
101441.6840209961
33052.97036743164
6625.660430908203
2137.823455810547
1189.6379089355469
299.39349365234375
417.7192687988281
10397.495040893555
80895.4305267334
61826.33644104004
44144.8526763916
48508.41612243652
100368.53271484375
131673.31645202637
134753.6636352539
85701.43328857422
11894.271957397461
2729.780975341797
3346.1133728027344
5992.267837524414
7238.53483581543
64314.95475769043
79413.09848022461
83620.76533508301
49434.82048034668
45991.224838256836
66440.94429016113
82750.72653198242
108882.38980102539
97802.71969604492
44225.33787536621
24460.83219909668
37568.78430175781
32254.567947387695
42067.7481842041
51154.45649719238
53042.34895324707
51908.84588623047
61967.46240234375
22206.735565185547
4354.210510253906
2997.241485595703
3312.4039001464844
6291.562561035156
10012.474151611328
10253.352722167969
13401.015335083008
22472.9061126709
22750.650360107422
28066.312942504883
31687.327850341797
14692.807739257812
7636.532669067383
1014.7629852294922
549.8422393798828
360.91331481933594
263.7445373535156
2009.3231658935547
12736.282516479492
12832.924438476562
14651.901321411133
12250.20474243164
4486.354919433594
1031.5738525390625
330.5110626220703
252.8817138671875
80.35130310058594
75.05387878417969
35239.93943786621
91357.10382080078
51701.19453430176
66307.2922668457
76305.34666442871
116351.93420410156
31801.727462768555
23453.32147216797
19885.03416442871
4314.382247924805
511.8830108642578
311.03724670410156
418.3145751953125
142.60467529296875
107.79472351074219
30.356674194335938
22.59326171875
14.15087890625
14.344558715820312
14.116119384765625
9.733322143554688
10.550003051757812
6.3176116943359375
6.3155364990234375
14.048736572265625
9.245376586914062
12.714462280273438
11.74603271484375
14.747055053710938
12.082748413085938
11.506423950195312
6.484893798828125
13.398696899414062
10.619522094726562
5.922821044921875
11.8841552734375
15.738632202148438
5.4322052001953125
5.5894927978515625
10.671737670898438
9.415298461914062
16.302383422851562
15.808685302734375
20.064483642578125
19.530319213867188
18.8404541015625
