384.73338317871094
398.23228454589844
342.7042541503906
310.8269500732422
422.3488464355469
391.03941345214844
228.9160919189453
318.6648864746094
305.5335693359375
347.5816650390625
466.5172882080078
237.78341674804688
357.8875274658203
195.4663543701172
339.3967742919922
196.71571350097656
186.91490173339844
382.9973449707031
327.99578857421875
377.4286193847656
355.74217224121094
338.86497497558594
580.0881500244141
318.98280334472656
250.60501098632812
480.2135925292969
272.3970642089844
382.5080108642578
339.5848846435547
245.3441162109375
333.68284606933594
240.03126525878906
226.633056640625
296.4058380126953
254.1707763671875
259.05979919433594
209.8917999267578
255.7510986328125
246.91656494140625
156.90602111816406
304.7251739501953
174.56942749023438
252.2243194580078
192.96347045898438
198.81561279296875
363.9887390136719
347.8236541748047
286.5872344970703
466.6954345703125
470.9436798095703
251.31124877929688
241.15577697753906
211.6127166748047
265.74525451660156
246.8369140625
170.2948760986328
205.7087860107422
230.0736541748047
1278.2053527832031
5951.203536987305
20316.667694091797
53779.29571533203
222620.26789855957
630587.5748443604
432690.4500732422
208051.21286010742
137868.28462219238
146277.39755249023
289297.92414855957
273338.6613006592
297597.544052124
316852.6276550293
216819.83836364746
155586.27304077148
29192.709899902344
13383.513168334961
5253.432373046875
2816.1434936523438
3224.776657104492
7145.572952270508
12958.982421875
29880.058303833008
46559.31301879883
115698.53804016113
108342.96031188965
158784.69688415527
83579.24911499023
104294.92678833008
87591.33906555176
103625.39317321777
69745.80690002441
19456.512008666992
2130.602020263672
880.1012878417969
1077.6299285888672
665.7945861816406
927.8911590576172
1170.1562805175781
1339.7350158691406
1501.466537475586
606.4568481445312
19253.021743774414
92229.52853393555
101267.19778442383
82500.59339904785
70086.19735717773
53934.65023803711
49815.05390930176
41297.302658081055
37675.63270568848
60393.28370666504
62304.91223144531
20335.81964111328
8392.72329711914
30433.266525268555
60984.22720336914
209492.08227539062
197443.91366577148
272462.0504760742
226738.26179504395
95769.73300170898
75979.88296508789
20502.01055908203
5492.745956420898
2342.8928833007812
2440.994186401367
3193.7659454345703
1792.2737884521484
3603.6680755615234
47497.615463256836
77536.1978149414
73825.6717376709
89211.49282836914
121090.29089355469
143277.00286865234
165291.50434875488
111428.9615020752
206920.65295410156
293049.57695007324
390017.43185424805
362499.58961486816
281477.7532348633
343391.7396850586
464065.32707214355
185033.46545410156
74343.44940185547
27960.718826293945
5686.133361816406
1793.2190399169922
2471.232620239258
1910.7487335205078
2301.142532348633
1596.7852935791016
1262.3122100830078
5109.17724609375
40860.40446472168
135193.77137756348
250001.77423095703
276356.8030395508
229161.89022827148
290926.3452911377
127541.69787597656
53736.08241271973
71717.23289489746
84467.90306091309
59162.885665893555
19087.88804626465
13004.27278137207
4654.443252563477
4146.622039794922
3817.97998046875
9292.675338745117
23999.544067382812
65060.899353027344
142752.1668548584
238530.9785308838
321510.5580596924
305788.9111328125
298282.5685272217
250094.67599487305
194644.7788696289
190002.04821777344
51880.5418548584
16774.98045349121
3706.7549896240234
1180.377212524414
1084.596939086914
568.0264129638672
532.2454223632812
460.7656555175781
340.27593994140625
351.4268493652344
260.1418151855469
219.00601196289062
292.17198181152344
345.6889343261719
403.7378234863281
368.10699462890625
191.68922424316406
217.2415313720703
171.058837890625
219.68011474609375
193.81784057617188
180.8828582763672
263.0054016113281
230.28973388671875
117.85124206542969
98.89337158203125
98.04768371582031
101.65536499023438
116.66023254394531
241.90289306640625
335.8426818847656
260.3501892089844
128.54212951660156
161.6215362548828
