2.361602783203125
2.51873779296875
2.5045928955078125
2.8672027587890625
2.5118255615234375
2.9508209228515625
2.67047119140625
2.502716064453125
2.7301025390625
2.4046173095703125
2.4911956787109375
2.436370849609375
2.1910247802734375
2.5556793212890625
2.2151336669921875
2.2727508544921875
2.5611724853515625
2.8500213623046875
2.843170166015625
2.8123779296875
2.4681854248046875
2.4768218994140625
2.7209320068359375
2.559844970703125
2.592529296875
2.391265869140625
2.76287841796875
2.518402099609375
2.5271453857421875
2.591796875
2.590911865234375
2.593414306640625
2.562286376953125
2.649169921875
2.636566162109375
2.5112152099609375
3.26904296875
2.7841949462890625
2.65887451171875
2.520172119140625
2.60504150390625
2.867584228515625
2.3585052490234375
2.60675048828125
114.13217163085938
52.61140441894531
443.64524841308594
597.6151885986328
437.1665802001953
987.6855316162109
57065.77780151367
127796.36166381836
137721.58833312988
181725.9705810547
129427.20793151855
60362.47462463379
56266.04579162598
69218.17613220215
65304.7578125
85189.35720825195
84180.97734069824
78697.63931274414
73364.7660369873
66065.06130981445
55955.24740600586
55644.49478149414
78408.60488891602
85171.62869262695
115315.40280151367
252441.77725219727
324577.95610046387
233474.3374786377
231646.2378692627
145640.33401489258
157520.05238342285
112614.56265258789
74264.41893005371
37028.98651123047
3236.5100708007812
2398.3905487060547
13301.871780395508
66370.58850097656
80062.09913635254
56260.80604553223
52420.36965942383
58203.547286987305
34414.67272949219
18847.480529785156
4624.006134033203
793.2386169433594
313.5460205078125
840.214599609375
3381.0401763916016
2281.1686401367188
10978.112426757812
168854.14430236816
304661.8338470459
325433.3610839844
273119.2089996338
236198.48274230957
83096.71710205078
12898.804962158203
3967.2974700927734
866.4420928955078
519.0951080322266
469.7967071533203
289.52618408203125
7456.803649902344
82993.9028930664
102606.43501281738
97555.22283935547
71256.98948669434
43123.5491027832
55013.71057128906
47816.70796203613
14992.39143371582
1187.4296417236328
1456.4793853759766
27775.10316467285
77922.69245910645
142565.38235473633
137216.9734954834
68448.46017456055
12937.021011352539
521.6783599853516
1436.1401062011719
23616.17091369629
71771.07595825195
113500.20553588867
97872.02725219727
119195.67272949219
73694.51237487793
46320.42127990723
19904.271255493164
1925.4353637695312
599.7429046630859
4119.643035888672
75826.18676757812
99605.66299438477
87785.16246032715
63141.92721557617
60050.91101074219
56326.566986083984
37356.21936035156
35975.65020751953
29474.486541748047
44358.08071899414
51735.34965515137
93269.51095581055
91971.91261291504
93278.07583618164
126039.71653747559
212527.03944396973
298308.6106109619
307336.84077453613
192080.57138061523
115068.98806762695
37691.18704223633
5429.754867553711
1641.3146667480469
396.1064453125
707.9232482910156
4465.009353637695
6495.851608276367
3826.622283935547
58438.99284362793
124801.50186157227
135847.24041748047
130833.96813964844
89802.03405761719
29787.394744873047
19553.300704956055
17453.56332397461
29790.0740814209
64796.298568725586
131952.22213745117
82301.86245727539
105084.14810180664
100343.28074645996
70715.84921264648
54240.27795410156
55191.02177429199
35900.686767578125
26826.86442565918
28139.970108032227
16448.080444335938
8852.30078125
8263.234497070312
16456.718719482422
28584.471572875977
55619.89533996582
63745.30191040039
30005.16648864746
9551.277877807617
5092.759246826172
29085.897521972656
206194.74171447754
304607.2663574219
166222.19882202148
131493.97882080078
103356.92895507812
38762.00131225586
7120.704605102539
3166.9201049804688
1892.0149841308594
7895.7821044921875
82988.02565002441
100730.76527404785
91929.81951904297
108691.71453857422
71765.67837524414
62931.935455322266
29289.754928588867
17545.380661010742
16485.508270263672
16789.3006439209
10265.286926269531
2507.9852447509766
1046.5864562988281
1128.0340423583984
3083.194122314453
7555.078201293945
13084.518661499023
16403.237258911133
17309.061752319336
18413.42710876465
8210.791442871094
3503.244354248047
1468.2731323242188
1403.9022369384766
1362.109115600586
824.3354339599609
903.1514587402344
422.28587341308594
14972.823913574219
28319.64047241211
41592.31219482422
47215.82878112793
36512.389556884766
30046.84066772461
14374.055572509766
5248.430603027344
836.4008026123047
322.8999938964844
86.99847412109375
372.5811309814453
2291.110794067383
50392.471618652344
74863.51077270508
121110.31758117676
133699.28524780273
148869.77713012695
118291.83274841309
71236.80389404297
36666.1180267334
25381.85122680664
8532.585174560547
1132.2844848632812
956.8597717285156
1182.0583953857422
504.0055847167969
300.4855194091797
2615.396743774414
10402.698989868164
8348.73403930664
2326.4615020751953
575.4004211425781
145.9033966064453
63.58538818359375
15487.194442749023
41124.143463134766
25729.26011657715
25604.56494140625
27200.16094970703
44542.06546020508
70066.23880004883
56367.33546447754
21025.97496032715
1242.0035552978516
233.05929565429688
1133.7584838867188
10665.427276611328
853.5368499755859
988.5648956298828
866.6641387939453
2724.7042083740234
14796.19987487793
15903.883422851562
19703.41291809082
10044.333694458008
3975.362823486328
834.5632629394531
487.9386749267578
225.3246307373047
59.29896545410156
15.49383544921875
15.49853515625
8.98345947265625
8.438323974609375
12.145858764648438
9.103134155273438
7.836761474609375
8.847702026367188
8.19842529296875
13.288406372070312
15.1075439453125
26.909317016601562
22.10430908203125
15.29302978515625
25.161880493164062
16.13751220703125
13.844711303710938
12.08935546875
10.181961059570312
11.617218017578125
11.50634765625
11.116531372070312
11.72259521484375
10.099639892578125
9.514724731445312
8.230575561523438
8.813751220703125
8.534072875976562
11.980972290039062
12.318832397460938
9.85662841796875
5.192657470703125
8.2015380859375
7.3227691650390625
8.84051513671875
8.221481323242188
16.716751098632812
15.004180908203125
36.34785461425781
15.152664184570312
11.2459716796875
45.093109130859375
16.00030517578125
14.280075073242188
14.599884033203125
12.79022216796875
6.7096710205078125
5.269866943359375
