12.946243286132812
10.916244506835938
8.135772705078125
12.689437866210938
13.440994262695312
15.310745239257812
14.382232666015625
15.651824951171875
14.283432006835938
11.945816040039062
9.895355224609375
9.676162719726562
13.693222045898438
14.542617797851562
10.61181640625
13.38616943359375
12.405029296875
9.8681640625
17.05328369140625
12.685577392578125
10.1885986328125
10.260528564453125
15.014968872070312
15.32177734375
10.48834228515625
11.422256469726562
122.02764892578125
10.783660888671875
13.772537231445312
14.989334106445312
12.224884033203125
12.4012451171875
9.93426513671875
15.798416137695312
15.721450805664062
27.672088623046875
30.117919921875
29.609130859375
9.946365356445312
12.44757080078125
15.81744384765625
17.081527709960938
15.57763671875
16.314056396484375
15.820831298828125
13.896896362304688
11.354965209960938
19.569976806640625
18.160018920898438
17.621047973632812
29.837158203125
15668.978942871094
113155.39654541016
255546.57153320312
176963.6120147705
124759.40562438965
71270.49705505371
60973.69444274902
14231.628479003906
3976.282180786133
5940.676818847656
5492.011459350586
5286.161727905273
5694.706268310547
3473.515106201172
1659.5935668945312
84712.62724304199
254849.75038146973
196811.75772094727
269128.47914123535
172652.08428955078
25623.86312866211
1699.836166381836
189.70481872558594
687.2534027099609
1288.996337890625
2280.082717895508
1860.3523712158203
2106.387893676758
47741.057037353516
200253.8194885254
227443.4162750244
131197.21614074707
118419.22967529297
38467.291763305664
25548.633422851562
13054.976348876953
6151.757339477539
1375.7548828125
989.4931335449219
462.4166717529297
218.53933715820312
2164.047821044922
3550.2660217285156
1879.1421203613281
3528.394821166992
5219.893157958984
2673.097198486328
4189.757217407227
1625.2017211914062
681.4751739501953
25482.959686279297
30275.401412963867
23604.237670898438
35900.52682495117
36630.34973144531
27038.200088500977
26443.867065429688
16000.74055480957
12347.782196044922
11407.550186157227
8110.560516357422
6541.036697387695
2579.201171875
140.25848388671875
7090.437576293945
3664.837356567383
121476.31533813477
271448.64630126953
316914.51846313477
183550.1201019287
78389.2836151123
59605.67202758789
4634.54328918457
5313.713409423828
4148.420349121094
9719.406219482422
36.48114013671875
29.900314331054688
47.28874206542969
35.42816162109375
12.141616821289062
12.129684448242188
7.9350433349609375
10.564498901367188
8.68670654296875
8.454833984375
6.08477783203125
11.757232666015625
13.893020629882812
24.1624755859375
27.677520751953125
28.868865966796875
27.266311645507812
21.739654541015625
19.489410400390625
11.571044921875
13.828842163085938
10.268814086914062
9.27880859375
11.232025146484375
9.686187744140625
10.003936767578125
8.4866943359375
10.954254150390625
8.79052734375
9.9296875
8.910186767578125
595.4622497558594
15935.188018798828
115333.20602416992
105083.87289428711
61344.67657470703
12692.249618530273
9042.109893798828
4946.5653076171875
4457.987579345703
3759.318557739258
2810.85693359375
2165.8876953125
919.1952362060547
1861.2217559814453
7846.860427856445
8623.817596435547
12553.121292114258
10101.867126464844
6855.824798583984
2276.482650756836
9136.0986328125
41713.06817626953
47330.77966308594
28928.736221313477
18370.181838989258
12972.306137084961
9299.189483642578
7607.094635009766
4234.952529907227
1831.1057891845703
1307.9134216308594
2322.9807739257812
4032.635543823242
5252.434417724609
3534.5796813964844
4722.740875244141
1631.9981536865234
9641.555450439453
29799.010330200195
22229.60516357422
7018.187652587891
48.152191162109375
29.827682495117188
1660.0184173583984
816.6968841552734
3138.832778930664
5419.629409790039
5705.791809082031
85946.1268157959
53252.30195617676
84274.41773986816
9936.035720825195
669.0363311767578
141.19371032714844
4640.954986572266
51638.241455078125
28730.304916381836
25221.361587524414
11229.636322021484
10180.745010375977
2509.561538696289
2629.224838256836
2648.5924530029297
6120.057952880859
12877.817581176758
22686.481811523438
17053.165588378906
1330.3443145751953
49.90861511230469
20.281478881835938
2742.2220764160156
658.5369415283203
15988.981506347656
12906.411987304688
3347.7737731933594
1364.4979553222656
493.8760223388672
268.3943176269531
302.2803955078125
32.96842956542969
11.249038696289062
10.217971801757812
8.943939208984375
318.3098449707031
7459.62873840332
15932.06169128418
4754.650650024414
3269.3150177001953
1972.2229461669922
505.66090393066406
2120.736846923828
10489.233688354492
8457.436065673828
6229.532089233398
7003.349044799805
2853.548355102539
1476.930923461914
547.1988372802734
812.8823547363281
4338.776290893555
6841.113967895508
5761.317108154297
4412.249816894531
2625.0467681884766
30722.507873535156
38633.47979736328
6126.123764038086
2549.403030395508
845.0509490966797
243.95614624023438
138.5492706298828
14.252975463867188
11.034774780273438
11.833404541015625
9.29248046875
8.407455444335938
9.9281005859375
8.946990966796875
9.395294189453125
10.206497192382812
7.59197998046875
7.2542266845703125
7.54473876953125
6.52978515625
8.331573486328125
8.248611450195312
7.7434234619140625
6.926788330078125
12.5755615234375
9.488815307617188
9.214920043945312
10.443405151367188
8.679443359375
7.8386993408203125
10.272476196289062
6.4341583251953125
11.396697998046875
7.610382080078125
11.022994995117188
6.2282257080078125
6.5631103515625
9.034881591796875
7.662506103515625
7.818511962890625
10.5006103515625
10.739791870117188
10.266632080078125
11.091461181640625
6.958404541015625
8.697174072265625
9.2696533203125
6.5739288330078125
7.054290771484375
9.092391967773438
7.923614501953125
9.14630126953125
8.139389038085938
7.215545654296875
10.328872680664062
8.283737182617188
9.512252807617188
10.468948364257812
10.189346313476562
7.85296630859375
8.691238403320312
8.192886352539062
9.57672119140625
11.035491943359375
10.437469482421875
8.6182861328125
