39.792877197265625
46.35002136230469
23.132064819335938
37.69902038574219
31.454437255859375
49.782379150390625
23.635696411132812
47.85774230957031
38.28379821777344
199.4148406982422
35.74638366699219
40.09178161621094
31.6990966796875
81.20750427246094
166.0365753173828
76.93307495117188
108.14805603027344
118.72486877441406
262.75648498535156
247.52838134765625
536.0764923095703
473.9397888183594
316.70188903808594
176.43621826171875
52.65669250488281
40.30363464355469
46.640472412109375
39.59431457519531
3426.071243286133
37814.71292114258
92371.9312286377
139346.0418701172
122236.79844665527
160159.59223937988
158319.79321289062
128793.1567993164
151211.40127563477
122012.02244567871
158088.39624023438
112371.76399230957
81206.16333007812
126983.88919067383
144446.23762512207
120797.2036895752
158596.45922851562
147141.8723449707
121389.29292297363
113079.67269897461
54646.20555114746
50319.09117126465
41087.366760253906
14161.57681274414
1963.3185729980469
720.7543334960938
357.36114501953125
364.6003723144531
364.44232177734375
94699.57972717285
193062.08432006836
163564.74751281738
76937.5583190918
45862.844467163086
49503.5192565918
55373.52658081055
33837.11349487305
24153.071685791016
11061.048843383789
1833.3562622070312
2137.173385620117
43164.506607055664
44097.544342041016
23390.601440429688
5480.993728637695
724.2434997558594
308.7801208496094
316.36131286621094
380.53822326660156
101661.75392150879
130412.18673706055
216900.92121887207
251745.96278381348
209262.49784851074
173748.2351989746
145652.85061645508
50841.81558227539
11284.672790527344
5678.844100952148
1064.2102966308594
456.7830810546875
425.9708251953125
393.2322998046875
338.01658630371094
314.7955017089844
13528.289993286133
25081.9861907959
23369.215896606445
10226.100601196289
4425.802108764648
4687.574447631836
1201.7712707519531
1933.9342041015625
1563.079330444336
753.2605285644531
1519.1177368164062
2191.6788330078125
3335.9161987304688
486.4793243408203
452.5459289550781
164.26788330078125
140.06240844726562
504.5668487548828
3214.4170532226562
45013.3014831543
65361.10565185547
46291.37026977539
24241.340423583984
33103.57295227051
34099.74198913574
39159.15287780762
44491.26754760742
43758.20344543457
32350.837280273438
15672.112503051758
3091.3333587646484
1293.9430236816406
887.3236389160156
800.4295806884766
27392.692184448242
32027.69500732422
30979.641159057617
19902.09910583496
15344.039749145508
6748.877182006836
4454.799377441406
3464.4114685058594
1422.2621154785156
1406.430892944336
8582.153396606445
16722.665924072266
10958.637878417969
7665.2437744140625
8566.406219482422
5952.450149536133
1837.5293579101562
143.3110809326172
317.65301513671875
174.50852966308594
1255.661849975586
1170.846908569336
5061.467056274414
32679.053939819336
106093.21775817871
87913.29832458496
51535.31382751465
31984.356887817383
29974.961715698242
19776.196228027344
21809.299911499023
16609.113250732422
6047.208877563477
2705.8284606933594
824.9488525390625
122.77626037597656
77.67959594726562
67.12471008300781
55.75251770019531
51.859130859375
63.60595703125
55.483673095703125
40.57987976074219
44.96205139160156
41.75761413574219
35.44664001464844
31.307861328125
40.15266418457031
33.805511474609375
41.15248107910156
34.31843566894531
33.41339111328125
36.56425476074219
38.85270690917969
42.29280090332031
28.569168090820312
42.730743408203125
31.092330932617188
46.467132568359375
38.404937744140625
21.143264770507812
